0 0
1 1
2 0
3 1
4 0
5 1
6 0
7 1
8 0
9 1
10 0
11 1
12 2
13 3
14 0
15 1
16 0
17 1
18 0
19 1
20 0
21 1
22 2
23 3
24 0
25 1
26 0
27 1
28 0
29 1
30 0
31 1
32 0
33 1
34 0
35 1
36 2
37 3
38 0
39 1
40 0
41 1
42 0
43 1
44 0
45 1
46 0
47 1
48 0
49 1
50 2
51 3
52 0
53 1
54 0
55 1
56 0
57 1
58 0
59 1
60 2
61 3
62 0
63 1
64 0
65 1
66 0
67 1
68 0
69 1
70 2
71 3
72 0
73 1
74 0
75 1
76 2
77 3
78 0
79 1
80 0
81 1
82 0
83 1
84 0
85 1
86 0
87 1
88 2
89 3
90 0
91 1
92 0
93 1
94 0
95 1
96 0
97 1
98 0
99 1
100 2
101 3
102 0
103 1
104 0
105 1
106 2
107 3
108 0
109 1
110 0
111 1
112 0
113 1
114 2
115 3
116 0
117 1
118 0
119 1
120 2
121 3
122 0
123 1
124 0
125 1
126 0
127 1
128 2
129 3
130 0
131 1
132 0
133 1
134 0
135 1
136 0
137 1
138 2
139 3
140 0
141 1
142 0
143 1
144 0
145 1
146 2
147 3
148 0
149 1
150 0
151 1
152 0
153 1
154 0
155 1
156 0
157 1
158 2
159 3
160 0
161 1
162 0
163 1
164 2
165 3
166 0
167 1
168 0
169 1
170 2
171 3
172 0
173 1
174 0
175 1
176 0
177 1
178 2
179 3
180 0
181 1
182 0
183 1
184 0
185 1
186 2
187 3
188 0
189 1
190 0
191 1
192 0
193 1
194 0
195 1
196 2
197 3
