0 15 6 18 44 22 84
1 17 30 20 68 21 74 22 80 23 92
2 15 4 16 18 17 28 18 42 19 56 20 66 22 82 23 94
3 15 2 16 16 17 26 18 40 19 54 20 64
4 15 0 16 14 17 24 18 38 19 52 20 62 21 72 22 78 23 90 24 102
5 15 8 16 20 17 32 18 46 19 58
6 23 96 24 104 25 110 26 118
7 15 10 17 34 18 48 22 86
8 23 98
9 25 108 26 116 27 122 28 130 29 140 30 148 31 160 33 176
10 25 112 27 126 35 194
11 27 124 28 132 29 142 30 150 32 166 33 172 34 180 35 188
12 28 134 29 144 30 152 32 168 34 184 35 192
13 28 136 30 154 31 162 33 174 34 182 35 190
14 30 156
15 4 1 3 3 2 5 0 7 5 9 7 11 36 12
16 4 15 3 17 2 19 5 21 36 22
17 4 25 3 27 2 29 1 31 5 33 7 35 36 36
18 4 39 3 41 2 43 0 45 5 47 7 49 36 50
19 4 53 3 55 2 57 5 59 36 60
20 4 63 3 65 2 67 1 69 36 70
21 4 73 1 75 36 76
22 4 79 1 81 2 83 0 85 7 87 36 88
23 4 91 1 93 2 95 6 97 8 99 36 100
24 4 103 6 105 37 106
25 9 109 6 111 10 113 37 114
26 9 117 6 119 37 120
27 9 123 11 125 10 127 37 128
28 9 131 11 133 12 135 13 137 37 138
29 9 141 11 143 12 145 37 146
30 9 149 11 151 12 153 13 155 14 157 37 158
31 9 161 13 163 37 164
32 11 167 12 169 37 170
33 11 173 13 175 9 177 37 178
34 11 181 13 183 12 185 37 186
35 11 189 13 191 12 193 10 195 37 196
36 15 13 16 23 17 37 18 51 19 61 20 71 21 77 22 89 23 101
37 24 107 25 115 26 121 27 129 28 139 29 147 30 159 31 165 32 171 33 179 34 187 35 197
