0 0
1 1
2 2
3 3
4 4
5 5
6 0
7 1
8 2
9 3
10 4
11 5
12 0
13 1
14 2
15 3
16 4
17 5
18 0
19 1
20 2
21 3
22 0
23 1
24 2
25 3
26 0
27 1
28 2
29 3
30 0
31 1
32 2
33 3
34 0
35 1
36 2
37 3
38 0
39 1
40 2
41 3
42 0
43 1
44 2
45 3
46 0
47 1
48 2
49 3
50 0
51 1
52 2
53 3
54 0
55 1
56 2
57 3
58 0
59 1
60 2
61 3
62 0
63 1
64 2
65 3
66 0
67 1
68 2
69 3
70 0
71 1
72 2
73 3
74 4
75 5
76 0
77 1
78 2
79 3
80 4
81 5
82 0
83 1
84 2
85 3
86 4
87 5
88 0
89 1
90 2
91 3
92 0
93 1
94 2
95 3
96 0
97 1
98 2
99 3
100 0
101 1
102 2
103 3
104 0
105 1
106 2
107 3
108 0
109 1
110 2
111 3
112 0
113 1
114 2
115 3
116 0
117 1
118 2
119 3
120 0
121 1
122 2
123 3
124 0
125 1
126 2
127 3
128 0
129 1
130 2
131 3
132 0
133 1
134 2
135 3
136 0
137 1
138 2
139 3
