0 23 54
1 20 42 21 46 22 50
2 17 30 18 34 19 38
3 14 18 15 22 16 26
4 11 0 12 6 13 12 27 70 28 76 29 82
5 24 58 25 62 26 66
6 30 88 31 92 32 96
7 33 100 34 104 35 108
8 36 112 37 116 38 120
9 39 124 40 128 42 136
10 41 132
11 4 1 43 2
12 4 7 44 8
13 4 13 45 14
14 3 19 43 20
15 3 23 44 24
16 3 27 45 28
17 2 31 45 32
18 2 35 44 36
19 2 39 43 40
20 1 43 43 44
21 1 47 44 48
22 1 51 45 52
23 0 55 44 56
24 5 59 45 60
25 5 63 44 64
26 5 67 43 68
27 4 71 46 72
28 4 77 47 78
29 4 83 48 84
30 6 89 47 90
31 6 93 46 94
32 6 97 48 98
33 7 101 47 102
34 7 105 46 106
35 7 109 48 110
36 8 113 48 114
37 8 117 46 118
38 8 121 47 122
39 9 125 47 126
40 9 129 46 130
41 10 133 46 134
42 9 137 48 138
43 49 4 19 41 26 69 14 21 20 45 11 3
44 49 10 12 9 21 49 15 25 18 37 25 65 23 57
45 16 29 49 16 13 15 22 53 24 61 17 33
46 27 73 37 119 50 74 40 131 41 135 31 95 34 107
47 30 91 50 80 39 127 38 123 33 103 28 79
48 32 99 29 85 35 111 42 139 50 86 36 115
49 44 11 45 17 43 5
50 48 87 46 75 47 81
