0 0
1 1
2 0
3 1
4 0
5 1
6 0
7 1
8 0
9 1
10 0
11 1
12 0
13 1
14 0
15 1
16 0
17 1
18 0
19 1
20 0
21 1
22 0
23 1
24 0
25 1
26 0
27 1
28 0
29 1
30 0
31 1
32 0
33 1
34 0
35 1
36 0
37 1
38 0
39 1
40 0
41 1
42 0
43 1
44 0
45 1
46 2
47 3
48 2
49 3
50 2
51 3
52 2
53 3
54 2
55 3
56 4
57 5
58 4
59 5
60 4
61 5
62 4
63 5
64 4
65 5
66 4
67 5
68 4
69 5
70 4
71 5
72 4
73 5
74 4
75 5
76 4
77 5
78 0
79 1
80 0
81 1
82 0
83 1
84 0
85 1
86 0
87 1
88 0
89 1
90 0
91 1
92 0
93 1
94 0
95 1
96 0
97 1
98 4
99 5
100 4
101 5
102 4
103 5
104 4
105 5
106 4
107 5
108 4
109 5
110 4
111 5
112 4
113 5
114 4
115 5
116 4
117 5