0 10 0
1 10 2 11 4 12 6
2 11 8 13 10
3 12 12 13 14 14 16
4 12 18 14 20
5 13 22 14 24 15 26 16 28 23 78 24 80
6 15 30 17 32 23 82 24 84
7 15 34 16 36 17 38 23 86 24 88 25 90
8 16 40 17 42 24 92 25 94
9 17 44 25 96
10 0 1 1 3 18 46
11 1 5 2 9 18 48
12 1 7 3 13 4 19 18 50
13 2 11 3 15 5 23 18 52
14 3 17 4 21 5 25 18 54
15 5 27 6 31 7 35 19 56 20 62 21 64
16 5 29 7 37 8 41 19 58 20 66 21 68 22 70
17 6 33 7 39 8 43 9 45 19 60 20 72 21 74 22 76
18 10 47 11 49 12 51 13 53 14 55
19 15 57 16 59 17 61 23 99 24 105
20 15 63 16 67 17 73 23 101 24 107 25 113
21 15 65 16 69 17 75 23 103 24 109 25 115
22 16 71 17 77 24 111 25 117
23 5 79 6 83 7 87 19 98 20 100 21 102
24 5 81 6 85 7 89 8 93 19 104 20 106 21 108 22 110
25 7 91 8 95 9 97 20 112 21 114 22 116