0 24 54
1 18 0 19 6 20 12 21 18 22 26 23 36 24 46 25 58 26 66 27 74 28 82 29 88 30 96 31 102 32 110 33 118 34 126 35 136 49 234 50 242
2 18 2 19 8 20 14 21 20 22 28 23 38 24 48 49 236
3 21 22 22 30 23 40 24 50 25 60 26 68 27 76 31 106 50 240
4 25 62 27 78 29 90 30 98 31 104 32 112 33 120 34 128 49 232 50 244
5 22 32 23 42 24 52 32 114 33 122 34 130
6 26 70 50 246
7 29 92
8 34 132
9 28 84 35 138 36 142
10 36 144 37 148 38 154 39 160 40 166 44 198 46 212 47 220 48 226
11 37 150 38 156 39 162 40 168 41 176 42 180 43 190 44 200 45 206 51 250 52 256
12 42 182 43 192 51 252 52 258
13 42 186 43 194
14 42 184 46 214 47 222 48 228 52 260
15 46 216
16 41 174
17 40 170 44 202 45 208
18 1 1 2 3 53 4
19 1 7 2 9 54 10
20 1 13 2 15 55 16
21 1 19 2 21 3 23 56 24
22 1 27 2 29 3 31 5 33 56 34
23 1 37 2 39 3 41 5 43 53 44
24 1 47 2 49 3 51 5 53 0 55 54 56
25 1 59 3 61 4 63 57 64
26 1 67 3 69 6 71 54 72
27 1 75 3 77 4 79 58 80
28 1 83 9 85 59 86
29 1 89 4 91 7 93 57 94
30 1 97 4 99 54 100
31 1 103 4 105 3 107 60 108
32 1 111 4 113 5 115 61 116
33 1 119 4 121 5 123 62 124
34 1 127 4 129 5 131 8 133 57 134
35 1 137 9 139 53 140
36 9 143 10 145 63 146
37 10 149 11 151 64 152
38 10 155 11 157 64 158
39 10 161 11 163 64 164
40 10 167 11 169 17 171 64 172
41 16 175 11 177 64 178
42 11 181 12 183 14 185 13 187 64 188
43 11 191 12 193 13 195 64 196
44 10 199 11 201 17 203 64 204
45 11 207 17 209 65 210
46 10 213 14 215 15 217 66 218
47 10 221 14 223 67 224
48 10 227 14 229 67 230
49 4 233 1 235 2 237 55 238
50 3 241 1 243 4 245 6 247 53 248
51 11 251 12 253 64 254
52 11 257 12 259 14 261 64 262
53 18 5 23 45 35 141 50 249
54 19 11 24 57 26 73 30 101
55 20 17 49 239
56 21 25 22 35
57 25 65 29 95 34 135
58 27 81
59 28 87
60 31 109
61 32 117
62 33 125
63 36 147
64 37 153 38 159 39 165 40 173 41 179 42 189 43 197 44 205 51 255 52 263
65 45 211
66 46 219
67 47 225 48 231
