0 0
1 1
2 0
3 1
4 2
5 3
6 0
7 1
8 0
9 1
10 2
11 3
12 0
13 1
14 0
15 1
16 2
17 3
18 0
19 1
20 0
21 1
22 0
23 1
24 2
25 3
26 0
27 1
28 0
29 1
30 0
31 1
32 0
33 1
34 2
35 3
36 0
37 1
38 0
39 1
40 0
41 1
42 0
43 1
44 2
45 3
46 0
47 1
48 0
49 1
50 0
51 1
52 0
53 1
54 0
55 1
56 2
57 3
58 0
59 1
60 0
61 1
62 0
63 1
64 2
65 3
66 0
67 1
68 0
69 1
70 0
71 1
72 2
73 3
74 0
75 1
76 0
77 1
78 0
79 1
80 2
81 3
82 0
83 1
84 0
85 1
86 2
87 3
88 0
89 1
90 0
91 1
92 0
93 1
94 2
95 3
96 0
97 1
98 0
99 1
100 2
101 3
102 0
103 1
104 0
105 1
106 0
107 1
108 2
109 3
110 0
111 1
112 0
113 1
114 0
115 1
116 2
117 3
118 0
119 1
120 0
121 1
122 0
123 1
124 2
125 3
126 0
127 1
128 0
129 1
130 0
131 1
132 0
133 1
134 2
135 3
136 0
137 1
138 0
139 1
140 2
141 3
142 0
143 1
144 0
145 1
146 2
147 3
148 0
149 1
150 0
151 1
152 2
153 3
154 0
155 1
156 0
157 1
158 2
159 3
160 0
161 1
162 0
163 1
164 2
165 3
166 0
167 1
168 0
169 1
170 0
171 1
172 2
173 3
174 0
175 1
176 0
177 1
178 2
179 3
180 0
181 1
182 0
183 1
184 0
185 1
186 0
187 1
188 2
189 3
190 0
191 1
192 0
193 1
194 0
195 1
196 2
197 3
198 0
199 1
200 0
201 1
202 0
203 1
204 2
205 3
206 0
207 1
208 0
209 1
210 2
211 3
212 0
213 1
214 0
215 1
216 0
217 1
218 2
219 3
220 0
221 1
222 0
223 1
224 2
225 3
226 0
227 1
228 0
229 1
230 2
231 3
232 0
233 1
234 0
235 1
236 0
237 1
238 2
239 3
240 0
241 1
242 0
243 1
244 0
245 1
246 0
247 1
248 2
249 3
250 0
251 1
252 0
253 1
254 2
255 3
256 0
257 1
258 0
259 1
260 0
261 1
262 2
263 3
