0 24 54
1 18 0 19 6 20 12 21 18 22 26 23 36 24 46 25 58 26 66 27 74 28 82 29 88 30 96 31 102 32 110 33 118 34 126 35 136
2 18 2 19 8 20 14 21 20 22 28 23 38 24 48
3 21 22 22 30 23 40 24 50 25 60 26 68 27 76 31 106
4 25 62 27 78 29 90 30 98 31 104 32 112 33 120 34 128
5 22 32 23 42 24 52 32 114 33 122 34 130
6 26 70 35 140
7 29 92
8 34 132
9 28 84 35 138 36 144 37 150 38 156
10 36 146 37 152
11 38 158 39 162 40 168 41 174 42 180 47 220 49 234 50 242 51 248
12 39 164 40 170 41 176 42 182 43 190 44 194 45 204 46 212 47 222 48 228
13 42 184 44 196 45 206 46 214 47 224 48 230
14 44 200 45 208 46 216
15 44 198 49 236 50 244 51 250
16 49 238
17 43 188
18 1 1 2 3 52 4
19 1 7 2 9 53 10
20 1 13 2 15 54 16
21 1 19 2 21 3 23 55 24
22 1 27 2 29 3 31 5 33 55 34
23 1 37 2 39 3 41 5 43 52 44
24 1 47 2 49 3 51 5 53 0 55 53 56
25 1 59 3 61 4 63 56 64
26 1 67 3 69 6 71 53 72
27 1 75 3 77 4 79 57 80
28 1 83 9 85 58 86
29 1 89 4 91 7 93 56 94
30 1 97 4 99 53 100
31 1 103 4 105 3 107 59 108
32 1 111 4 113 5 115 60 116
33 1 119 4 121 5 123 61 124
34 1 127 4 129 5 131 8 133 56 134
35 1 137 9 139 6 141 52 142
36 9 145 10 147 62 148
37 9 151 10 153 63 154
38 9 157 11 159 64 160
39 11 163 12 165 65 166
40 11 169 12 171 65 172
41 11 175 12 177 65 178
42 11 181 12 183 13 185 65 186
43 17 189 12 191 65 192
44 12 195 13 197 15 199 14 201 65 202
45 12 205 13 207 14 209 65 210
46 12 213 13 215 14 217 65 218
47 11 221 12 223 13 225 65 226
48 12 229 13 231 66 232
49 11 235 15 237 16 239 67 240
50 11 243 15 245 68 246
51 11 249 15 251 68 252
52 18 5 23 45 35 143
53 19 11 24 57 26 73 30 101
54 20 17
55 21 25 22 35
56 25 65 29 95 34 135
57 27 81
58 28 87
59 31 109
60 32 117
61 33 125
62 36 149
63 37 155
64 38 161
65 39 167 40 173 41 179 42 187 43 193 44 203 45 211 46 219 47 227
66 48 233
67 49 241
68 50 247 51 253
